-12.141887
-1.9086643
1.4923232
-0.9023123
-4.4513254
8.461111
-2.5467799
5.715617
0.3690587
1.5822091
-4.3614736
-6.2057834
-2.5787897
5.7329416
11.814061
-8.286484
-4.6388993
-8.83396
2.7764318
2.3378382
10.348335
-1.6905559
1.4245226
-6.315845
-4.637543
6.603773
-10.42103
-5.8944507
-9.660984
9.939696
2.367675
7.987761
15.835729
9.622044
1.9185212
9.885344
13.054571
2.8064537
0.014647966
-3.7324395
5.767938
-1.4645903
8.514614
8.211976
-8.375703
2.8303843
-4.279271
-3.5684826
-5.530154
5.494365
-7.767818
2.1404076
-2.6409686
0.7397793
3.8222046
7.757835
-9.884199
7.7578826
-6.7904015
8.60702
